0.000000 0.000000 0.000000 0.000000
-0.089016 7.389290 -0.135566 7.051382
-0.305890 14.797400 -0.355527 14.299844
-0.620943 22.203700 -0.703454 21.646208
-1.048348 29.584920 -1.174487 28.900402
-1.585733 36.922070 -1.745582 36.134769
-2.238772 44.194610 -2.437456 43.290836
-3.001616 51.415870 -3.241108 50.426739
-3.867249 58.589250 -4.129886 57.476017
-4.795038 65.700100 -5.090816 64.482910
-5.794052 72.771600 -6.126932 71.535049
-6.871512 79.788950 -7.233364 78.459770
-8.016004 86.753970 -8.396515 85.291466
-9.210328 93.677060 -9.638525 92.126244
-10.431210 100.533300 -10.906294 98.926376
-11.732680 107.344300 -12.249755 105.659004
-13.055640 114.104000 -13.603130 112.356117
-14.384260 120.827900 -14.981051 119.056786
-15.723300 127.512400 -16.344168 125.657135
-17.053470 134.160600 -17.706678 132.316696
-18.342450 140.790700 -19.041813 138.894958
-19.569220 147.385000 -20.322886 145.457397
-20.732430 153.964100 -21.537252 151.966858
-21.857800 160.539000 -22.720207 158.472107
-22.948380 167.095100 -23.858429 165.012497
-24.023740 173.634300 -24.976530 171.518478
-25.069850 180.158300 -26.064703 178.001480
-26.056680 186.676000 -27.091087 184.523773
-26.974780 193.195100 -28.047173 191.045990
-27.858700 199.693900 -28.951904 197.511322
-28.692900 206.176000 -29.822470 204.018356
-29.434530 212.642600 -30.554672 210.545441
-30.083050 219.100400 -31.238201 216.963074
-30.671960 225.565300 -31.842327 223.426971
-31.180560 232.000200 -32.366238 229.874985
-31.586090 238.410200 -32.795700 236.260712
-31.892030 244.808400 -33.137192 242.647659
-32.097660 251.188800 -33.374886 249.108841
-32.202150 257.553400 -33.494881 255.424637
-32.198190 263.885000 -33.543530 261.723938
-32.087010 270.193400 -33.465542 268.069763
-31.873260 276.479700 -33.282028 274.357300
-31.574190 282.729800 -33.013786 280.624756
-31.188540 288.943200 -32.671227 286.853302
-30.698630 295.150300 -32.224655 293.049103
-30.116110 301.296300 -31.656305 299.229034
-29.440690 307.452700 -31.010925 305.407440
-28.653300 313.612300 -30.283192 311.530823
-27.757920 319.761100 -29.411816 317.681671
-26.759700 325.911300 -28.452301 323.810760
-25.672240 332.055100 -27.371902 329.949463
-24.487240 338.181000 -26.264954 336.043762
-23.207130 344.279200 -24.984085 342.215454
-21.830700 350.364100 -23.682518 348.268036
-20.360990 356.419300 -22.266808 354.307343
-18.768230 362.435600 -20.729027 360.306335
-17.066110 368.393500 -19.050468 366.310089
-15.249140 374.314400 -17.285484 372.255707
-13.334380 380.196800 -15.437447 378.146027
-11.343710 386.053600 -13.479637 384.032623
-9.304076 391.875400 -11.512535 389.838074
-7.168676 397.655100 -9.437149 395.617340
-4.924238 403.401100 -7.264114 401.364990
-2.596600 409.080400 -4.983994 407.063019
-0.165963 414.718200 -2.586334 412.732361
2.359443 420.311900 -0.122131 418.331207
4.972955 425.858100 2.445374 423.891052
7.672247 431.362200 5.112320 429.414154
10.447970 436.831000 7.817764 434.870270
13.283490 442.258200 10.613068 440.322662
16.182490 447.655300 13.450638 445.715332
19.151340 453.010300 16.356506 451.056030
22.189770 458.326100 19.299561 456.327942
25.290970 463.603800 22.335251 461.605164
28.473470 468.842000 25.468170 466.842773
31.763860 474.047500 28.701126 472.037109
35.115490 479.164800 31.995056 477.169159
38.571780 484.254300 35.414032 482.267822
42.139890 489.299300 38.947632 487.312561
45.800850 494.276700 42.558823 492.291809
49.537000 499.224200 46.235031 497.240906
53.339850 504.144700 50.001160 502.158630
57.201070 509.064700 53.866547 507.047852
61.123760 514.004900 57.801666 511.871643
65.155140 518.838600 61.830460 516.621704
69.296850 523.589300 65.949036 521.321533
73.494100 528.252600 70.131088 525.985901
77.792360 532.871600 74.427139 530.583801
82.169710 537.413200 78.777328 535.093323
86.622630 541.895000 83.196411 539.575562
91.152030 546.334300 87.691422 544.001404
95.752080 550.711800 92.273849 548.375305
100.406000 555.045100 96.912033 552.698975
105.143200 559.309000 101.611664 556.955688
109.983400 563.515800 106.404373 561.159546
114.871200 567.624500 111.253281 565.264893
119.838400 571.694100 116.207321 569.346375
124.903900 575.746400 121.205490 573.381775
129.953400 579.687200 126.249832 577.333252
135.100300 583.645100 131.360977 581.289307
140.309900 587.587400 136.511353 585.207153
145.524200 591.491500 141.688049 589.110718
150.790300 595.419100 146.916962 593.009277
156.106700 599.349600 152.215897 596.927490
161.424800 603.235000 157.544876 600.834595
166.777600 607.107100 162.854324 604.709412
172.135000 610.949000 168.191437 608.541504
177.486200 614.765000 173.530319 612.361023
182.826000 618.555400 178.842407 616.141357
188.158500 622.330600 184.142548 619.889648
193.482500 626.077400 189.449341 623.632935
198.792500 629.814800 194.739883 627.363525
204.075600 633.549000 200.017883 631.096802
209.343500 637.274200 205.272797 634.820251
214.585200 641.014800 210.476654 638.541565
219.787200 644.790500 215.656433 642.308594
224.979700 648.557800 220.817078 646.084167
230.173500 652.317100 226.004990 649.858582
235.381700 656.069900 231.190735 653.620483
240.592600 659.806200 236.412827 657.358154
245.814800 663.533300 241.593079 661.069580
251.034200 667.254100 246.790344 664.814575
256.249800 670.984000 251.941650 668.528809
261.454100 674.738700 257.102905 672.277954
266.657800 678.508600 262.261047 676.042969
271.847000 682.282300 267.419922 679.828125
277.030900 686.061000 272.560791 683.603516
282.219700 689.855200 277.694824 687.393433
287.407900 693.626100 282.852966 691.167480
292.627800 697.366400 288.035828 694.911011
297.859700 701.081900 293.236389 698.613892
303.107700 704.789700 298.448425 702.310913
308.347900 708.489800 303.654755 705.993713
313.590600 712.185600 308.866943 709.681213
318.827100 715.886600 314.056396 713.355591
324.057300 719.583100 319.252258 717.047058
329.281500 723.288700 324.428955 720.738159
334.508500 726.998400 329.596985 724.430542
339.750600 730.710400 334.778931 728.118774
344.957500 734.414900 339.920044 731.827148
350.173700 738.133300 345.065369 735.517578
355.383700 741.854900 350.198212 739.190918
360.593100 745.568700 355.339264 742.865845
365.820900 749.275900 360.523071 746.544067
371.050700 752.983400 365.730164 750.230774
376.296800 756.683200 370.924500 753.901489
381.539900 760.398600 376.189514 757.642578
386.784000 764.123000 381.371918 761.350952
392.018300 767.858000 386.539581 765.051025
397.278900 771.590900 391.787659 768.768494
402.536700 775.334600 397.017303 772.503601
407.782600 779.100000 402.229309 776.234131
413.028200 782.892000 407.419800 779.999146
418.269100 786.693500 412.629578 783.776123
423.530100 790.502200 417.832764 787.548279
428.816600 794.321100 423.057129 791.326782
434.115600 798.151100 428.300232 795.107300
439.436100 801.957900 433.611389 798.900757
444.786800 805.771800 438.905762 802.689758
450.133900 809.588400 444.241058 806.473755
455.515500 813.416400 449.608337 810.266663
460.909900 817.255900 455.019958 814.093506
466.327800 821.106700 460.429688 817.915527
471.768000 824.969600 465.872681 821.766663
477.221800 828.845400 471.313751 825.595581
482.690500 832.748700 476.760406 829.466431
488.160700 836.679300 482.232788 833.367981
493.637300 840.639500 487.724915 837.324524
499.147700 844.636100 493.174683 841.264038
504.659900 848.631600 498.683472 845.241333
510.195300 852.634200 504.209106 849.197632
515.769800 856.659700 509.771362 853.196777
521.351700 860.668300 515.351440 857.172729
526.985500 864.675200 520.938293 861.119873
532.660500 868.656000 526.608398 865.087830
538.384300 872.604200 532.342834 869.014526
544.177700 876.508600 538.128296 872.902100
550.058800 880.318000 543.991089 876.669128
556.014600 884.033200 549.964783 880.338135
562.047700 887.671400 556.023743 883.941650
568.137200 891.250200 562.077759 887.478516
574.264700 894.741000 568.185303 890.905701
580.435100 898.121100 574.348999 894.224304
586.603600 901.417400 580.568115 897.465820
592.796500 904.624700 586.761902 900.609558
599.017800 907.688800 593.008545 903.627319
605.249600 910.610400 599.227661 906.492065
611.503000 913.418900 605.514893 909.240723
617.786800 916.108900 611.803894 911.832520
624.111700 918.696300 618.127258 914.342163
630.465400 921.166000 624.523743 916.765015
636.870900 923.511400 630.956116 919.037720
643.310500 925.748300 637.389099 921.190430
649.785300 927.877200 643.863464 923.219116
656.288200 929.885100 650.341980 925.158813
662.823800 931.781500 656.913452 926.989136
669.377300 933.559500 663.501587 928.695740
675.966100 935.210600 670.110779 930.275024
682.564900 936.734800 676.762329 931.701355
689.171200 938.127900 683.404907 933.016846
695.815500 939.404800 690.096497 934.248047
702.414700 940.553600 696.694580 935.343079
709.038900 941.578200 703.346130 936.309509
715.653800 942.476300 709.994141 937.183655
722.257400 943.292500 716.632996 937.964539
728.852900 944.039300 723.210754 938.662354
735.432100 944.659700 729.786255 939.250305
741.998600 945.178800 736.339539 939.726501
748.555600 945.604800 742.834412 940.113342
755.098100 945.910100 749.292542 940.349121
761.614700 946.120400 755.802307 940.497253
768.130600 946.246400 762.282532 940.556885
774.606000 946.260300 768.725830 940.497986
781.089100 946.178600 775.187866 940.372131
787.543800 946.016700 781.582275 940.185303
793.985100 945.754100 787.991394 939.863770
800.401500 945.392700 794.325928 939.431885
806.811300 944.944800 800.715942 938.912842
813.179200 944.393200 807.050354 938.304993
819.528900 943.745600 813.327759 937.604858
825.856600 943.023000 819.594604 936.825134
832.136500 942.198900 825.815796 935.940918
838.338400 941.295300 831.975098 934.988342
844.471100 940.329600 837.960632 934.008850
850.537100 939.277600 843.964722 932.910400
856.556600 938.145100 849.928833 931.744873
862.530700 936.973400 855.885925 930.486816
868.485900 935.756700 861.795654 929.238281
874.427900 934.500800 867.684875 927.933594
880.377600 933.213500 873.593140 926.599548
886.321200 931.902700 879.472168 925.247437
892.269900 930.561200 885.376709 923.852966
898.237300 929.189200 891.286865 922.404236
904.210900 927.794400 897.232422 920.944519
910.201000 926.365700 903.184937 919.460205
916.206200 924.924400 909.140137 917.939697
922.187600 923.486800 915.062256 916.457886
928.162700 922.065100 920.924438 914.997742
934.121300 920.655100 926.808472 913.539429
940.050800 919.271000 932.667725 912.076172
945.972500 917.911500 938.506714 910.663391
951.871200 916.542800 944.294434 909.255249
957.759800 915.156300 950.211426 907.757080
963.652000 913.748600 956.058472 906.290771
969.543200 912.341300 961.871216 904.827576
975.443200 910.925400 967.693909 903.344971
981.331300 909.496700 973.522217 901.852417
987.244200 908.071400 979.367371 900.365173
993.159500 906.641800 985.235352 898.844788
999.089100 905.231300 991.117188 897.356140
1005.044000 903.831800 997.027466 895.875732
1011.002000 902.421600 1002.916992 894.394775
1016.979000 901.005100 1008.854492 892.900024
1022.965000 899.592600 1014.825195 891.394226
1028.969000 898.176100 1020.724731 889.928894
1034.995000 896.776100 1026.704590 888.450073
1041.024000 895.372100 1032.675781 886.979370
1047.077000 893.970400 1038.639648 885.497009
1053.140000 892.591000 1044.618286 884.034302
1059.227000 891.213400 1050.598022 882.574524
1065.293000 889.842400 1056.619629 881.105774
1071.396000 888.467500 1062.681030 879.641846
1077.475000 887.085700 1068.754395 878.166443
1083.571000 885.691700 1074.812866 876.676758
1089.667000 884.296500 1080.847412 875.192444
1095.763000 882.887500 1086.879395 873.686401
1101.877000 881.479400 1092.905518 872.203369
1107.993000 880.059600 1098.972412 870.695312
1114.103000 878.623800 1105.003784 869.166748
1120.219000 877.192000 1111.054810 867.649475
1126.330000 875.757000 1117.130249 866.105469
1132.440000 874.329900 1123.185791 864.574829
1138.525000 872.910100 1129.196777 863.048401
1144.579000 871.470700 1135.166626 861.519836
1150.631000 870.013700 1141.154297 859.959595
1156.662000 868.558500 1147.148438 858.403687
1162.680000 867.120100 1153.147583 856.856934
1168.695000 865.686900 1159.157471 855.329285
1174.705000 864.286100 1165.150146 853.786743
1180.722000 862.924400 1171.076416 852.327148
1186.735000 861.596200 1177.042725 850.889099
1192.734000 860.258400 1182.996826 849.452026
1198.726000 858.928500 1188.912476 848.036743
1204.701000 857.609200 1194.835571 846.616699
1210.668000 856.281000 1200.735229 845.190247
1216.620000 854.933000 1206.647461 843.744324
1222.556000 853.569400 1212.566040 842.254272
1228.474000 852.196800 1218.455322 840.766174
1234.382000 850.820200 1224.310547 839.295349
1240.275000 849.444000 1230.179077 837.802551
1246.165000 848.069500 1236.041382 836.337585
1252.035000 846.696200 1241.873291 834.858459
1257.892000 845.326300 1247.696899 833.384155
1263.736000 843.948400 1253.496948 831.922058
1269.563000 842.572500 1259.283569 830.442139
1275.382000 841.173100 1265.049805 828.936890
1281.174000 839.773400 1270.803223 827.425659
1286.953000 838.401400 1276.524414 825.958252
1292.709000 837.039300 1282.196045 824.512512
1298.431000 835.693800 1287.863770 823.071045
1304.131000 834.362000 1293.487427 821.651917
1309.798000 833.046400 1299.089966 820.249390
1315.424000 831.720800 1304.684082 818.828064
1321.023000 830.381500 1310.228027 817.397278
1326.574000 829.028000 1315.693604 815.958862
1332.088000 827.643000 1321.136841 814.473145
1337.541000 826.186000 1326.530762 812.920166
1342.914000 824.704500 1331.813721 811.380676
1348.173000 823.215400 1337.075806 809.760925
1353.266000 821.698200 1342.152588 808.124146
1358.204000 820.147000 1347.093994 806.460571
1362.997000 818.565700 1351.871338 804.777649
1367.674000 816.978000 1356.509766 803.112671
1372.247000 815.380600 1361.030518 801.444031
1376.704000 813.794600 1365.431519 799.788940
1381.051000 812.235800 1369.750854 798.154907
1385.300000 810.742700 1373.955322 796.593750
1389.442000 809.314000 1378.046143 795.099548
1393.422000 807.949000 1382.003784 793.663391
1397.239000 806.635300 1385.812500 792.278381
1400.931000 805.368900 1389.491699 790.934692
1404.528000 804.118600 1393.034180 789.626465
1408.012000 802.917800 1396.511475 788.357666
1411.370000 801.763200 1399.864502 787.124634
1414.633000 800.664200 1403.103149 785.949463
1417.775000 799.619500 1406.216797 784.849976
1420.756000 798.626400 1409.162720 783.801758
1423.544000 797.699000 1411.925293 782.830078
1426.152000 796.837000 1414.516357 781.916870
1428.610000 796.023700 1416.950928 781.057495
1430.884000 795.266300 1419.220459 780.257324
1433.046000 794.551500 1421.378174 779.487671
1435.058000 793.891900 1423.382568 778.793152
1436.834000 793.314200 1425.158447 778.181885
1438.293000 792.835900 1426.619019 777.667114
1439.388000 792.479800 1427.712891 777.293762
1440.114000 792.245900 1428.422119 777.043945
1440.517000 792.117800 1428.821777 776.907959
1440.636000 792.077400 1428.932983 776.868896
1440.614000 792.084700 1428.927979 776.873047
1440.612000 792.088500 1428.926880 776.874817
1440.613000 792.095700 1428.925781 776.875854
1440.612000 792.100800 1428.923706 776.875366
1440.612000 792.106600 1428.923584 776.875122
1440.609000 792.107500 1428.925659 776.873413
1440.606000 792.106900 1428.925781 776.873413
1440.606000 792.107800 1428.925903 776.872742
1440.607000 792.110600 1428.924072 776.873291
1440.610000 792.115000 1428.922607 776.874390
1440.612000 792.116100 1428.923218 776.875061
1440.615000 792.119500 1428.922729 776.875000
1440.620000 792.119700 1428.922363 776.874878
1440.624000 792.118300 1428.921997 776.875244
1440.629000 792.119500 1428.921631 776.875366
