0.000000, 0.000000, 0.000000, 0.000000, 0.000000, 0.000000
-0.004616, -0.974411, 0.001239, -0.019066, -0.080424, 0.064877
-0.007078, -1.487625, 0.001500, -0.026604, -0.080514, 0.036750
-0.009571, -2.003952, 0.001417, -0.032097, -0.080471, 0.024203
-0.012205, -2.540726, 0.001281, -0.034836, -0.080510, 0.026907
-0.014752, -3.110664, 0.001172, -0.082024, -0.080506, 0.033717
-0.018907, -3.676750, 0.001377, 0.194283, -0.082345, -0.007626
-0.020978, -4.228310, 0.001252, 0.158546, -0.081277, 0.006205
-0.022977, -4.781158, 0.001326, 0.096588, -0.080911, 0.000215
-0.025091, -5.329460, 0.001326, 0.044411, -0.080575, -0.001465
-0.027444, -5.883141, 0.001287, -0.000389, -0.080294, 0.003541
-0.029665, -6.465439, 0.001210, -0.053223, -0.081277, 0.015467
-0.027983, -7.020340, 0.001315, -0.699883, -0.080236, -0.003022
-0.030757, -7.573662, 0.001325, -0.717400, -0.078343, -0.004935
-0.035297, -8.123405, 0.001318, -0.609222, -0.078072, -0.003965
-0.040129, -8.678444, 0.001285, -0.484558, -0.079157, 0.001540
-0.044745, -9.243721, 0.001259, -0.378632, -0.080164, 0.006000
-0.049013, -9.814095, 0.001264, -0.294426, -0.080758, 0.005085
-0.052911, -10.382423, 0.001288, -0.229462, -0.081033, 0.001035
-0.056481, -10.945168, 0.001310, -0.179932, -0.081125, -0.002742
-0.059778, -11.502518, 0.001319, -0.142166, -0.081155, -0.004361
-0.062873, -12.057861, 0.001312, -0.113800, -0.081125, -0.003145
-0.065832, -12.616188, 0.001293, -0.091972, -0.081064, 0.000167
-0.068742, -13.179810, 0.001278, -0.076927, -0.080819, 0.002715
-0.071635, -13.746346, 0.001279, -0.067108, -0.080758, 0.002496
-0.074501, -14.311935, 0.001291, -0.060539, -0.080728, 0.000379
-0.077361, -14.874298, 0.001304, -0.057487, -0.080636, -0.001772
-0.080203, -15.433563, 0.001309, -0.055878, -0.080545, -0.002688
-0.083042, -15.991844, 0.001305, -0.055069, -0.080606, -0.001889
-0.085827, -16.551895, 0.001294, -0.051727, -0.080697, -0.000003
-0.088586, -17.114845, 0.001286, -0.048004, -0.080697, 0.001356
-0.091326, -17.679398, 0.001286, -0.044579, -0.080758, 0.001233
-0.094062, -18.243401, 0.001293, -0.042931, -0.080606, 0.000038
-0.096804, -18.805519, 0.001301, -0.042686, -0.080575, -0.001219
-0.099494, -19.365852, 0.001303, -0.040710, -0.080636, -0.001711
-0.102201, -19.925705, 0.001301, -0.040344, -0.080575, -0.001192
-0.104914, -20.486633, 0.001294, -0.040276, -0.080575, -0.000106
-0.107608, -21.049210, 0.001290, -0.039055, -0.080606, 0.000645
-0.110320, -21.612701, 0.001290, -0.038879, -0.080575, 0.000563
-0.113032, -22.175842, 0.001294, -0.038841, -0.080575, -0.000154
-0.115738, -22.737839, 0.001299, -0.038841, -0.080575, -0.000912
-0.118437, -23.298782, 0.001300, -0.038841, -0.080575, -0.001158
-0.121141, -23.859482, 0.001298, -0.039055, -0.080575, -0.000823
-0.123887, -24.420845, 0.001295, -0.041161, -0.080428, -0.000181
-0.126643, -24.983192, 0.001292, -0.042412, -0.080545, 0.000256
-0.129393, -25.546089, 0.001292, -0.042595, -0.080575, 0.000195
-0.132162, -26.108757, 0.001295, -0.043694, -0.080500, -0.000243
-0.134955, -26.670700, 0.001298, -0.045677, -0.080512, -0.000700
-0.137771, -27.231995, 0.001299, -0.047691, -0.080545, -0.000850
-0.140575, -27.793167, 0.001297, -0.048698, -0.080503, -0.000639
-0.143364, -28.354759, 0.001295, -0.048073, -0.080606, -0.000243
-0.146155, -28.916954, 0.001293, -0.047813, -0.080575, 0.000024
-0.148973, -29.479485, 0.001294, -0.048813, -0.080545, -0.000017
-0.151792, -30.041870, 0.001295, -0.049377, -0.080545, -0.000304
-0.154601, -30.603794, 0.001297, -0.049507, -0.080575, -0.000577
-0.157422, -31.165321, 0.001297, -0.050224, -0.080504, -0.000673
-0.160277, -31.726780, 0.001297, -0.052147, -0.080545, -0.000516
-0.163119, -32.288513, 0.001295, -0.052414, -0.080575, -0.000277
-0.165922, -32.850613, 0.001294, -0.050781, -0.080636, -0.000120
-0.168744, -33.412914, 0.001294, -0.050682, -0.080545, -0.000154
-0.171593, -33.975117, 0.001295, -0.051758, -0.080545, -0.000338
-0.174417, -34.537025, 0.001296, -0.051453, -0.080606, -0.000516
-0.177241, -35.098694, 0.001297, -0.051392, -0.080575, -0.000543
-0.180068, -35.660328, 0.001296, -0.051392, -0.080575, -0.000454
-0.182896, -36.222137, 0.001295, -0.051392, -0.080575, -0.000304
-0.185727, -36.784172, 0.001295, -0.051392, -0.080575, -0.000215
-0.188558, -37.346333, 0.001295, -0.051392, -0.080575, -0.000243
-0.191388, -37.908421, 0.001296, -0.051392, -0.080575, -0.000338
-0.194218, -38.470329, 0.001296, -0.051392, -0.080575, -0.000454
-0.197045, -39.032097, 0.001296, -0.051392, -0.080575, -0.000488
-0.199872, -39.593842, 0.001296, -0.051392, -0.080575, -0.000427
-0.202701, -40.155701, 0.001295, -0.051392, -0.080575, -0.000338
-0.205531, -40.717705, 0.001295, -0.051392, -0.080575, -0.000277
-0.208363, -41.279774, 0.001295, -0.051392, -0.080575, -0.000277
-0.211193, -41.841805, 0.001296, -0.051392, -0.080575, -0.000365
-0.214023, -42.403713, 0.001296, -0.051392, -0.080575, -0.000427
-0.216850, -42.965534, 0.001296, -0.051392, -0.080575, -0.000427
-0.219677, -43.527351, 0.001296, -0.051392, -0.080575, -0.000393
-0.222509, -44.089237, 0.001296, -0.051598, -0.080545, -0.000338
-0.225339, -44.651203, 0.001295, -0.051636, -0.080575, -0.000304
-0.228162, -45.213223, 0.001295, -0.051178, -0.080636, -0.000304
-0.231026, -45.775204, 0.001295, -0.052917, -0.080514, -0.000365
-0.233850, -46.337116, 0.001296, -0.052116, -0.080606, -0.000393
-0.236683, -46.898968, 0.001296, -0.051994, -0.080575, -0.000393
-0.239510, -47.460823, 0.001296, -0.051689, -0.080575, -0.000393
-0.242337, -48.022724, 0.001296, -0.051476, -0.080606, -0.000338
-0.245164, -48.584671, 0.001295, -0.051392, -0.080575, -0.000338
-0.247994, -49.146656, 0.001296, -0.051392, -0.080575, -0.000338
-0.250826, -49.708611, 0.001296, -0.051392, -0.080575, -0.000365
-0.253656, -50.270527, 0.001296, -0.051392, -0.080575, -0.000393
-0.256487, -50.832401, 0.001296, -0.051392, -0.080575, -0.000393
-0.259318, -51.394276, 0.001296, -0.051392, -0.080575, -0.000365
-0.262149, -51.956184, 0.001296, -0.051392, -0.080575, -0.000338
-0.264979, -52.518124, 0.001295, -0.051392, -0.080575, -0.000338
-0.267811, -53.080082, 0.001296, -0.051392, -0.080575, -0.000338
-0.270641, -53.642021, 0.001296, -0.051392, -0.080575, -0.000365
-0.273472, -54.203938, 0.001296, -0.051392, -0.080575, -0.000365
-0.276303, -54.765831, 0.001296, -0.051392, -0.080575, -0.000365
-0.279134, -55.327724, 0.001296, -0.051392, -0.080575, -0.000365
-0.281964, -55.889637, 0.001296, -0.051392, -0.080575, -0.000365
-0.284796, -56.451572, 0.001296, -0.051392, -0.080575, -0.000338
-0.287626, -57.013515, 0.001296, -0.051392, -0.080575, -0.000338
-0.290457, -57.575447, 0.001296, -0.051392, -0.080575, -0.000365
-0.293288, -58.137367, 0.001296, -0.051392, -0.080575, -0.000365
-0.296119, -58.699272, 0.001296, -0.051392, -0.080575, -0.000365
-0.298949, -59.261173, 0.001296, -0.051392, -0.080575, -0.000365
-0.301781, -59.823090, 0.001296, -0.051392, -0.080575, -0.000365
-0.304611, -60.385017, 0.001296, -0.051392, -0.080575, -0.000365
-0.307442, -60.946953, 0.001296, -0.051392, -0.080575, -0.000365
-0.310272, -61.508881, 0.001296, -0.051392, -0.080575, -0.000365
-0.313104, -62.070801, 0.001296, -0.051392, -0.080575, -0.000365
-0.315934, -62.632708, 0.001296, -0.051392, -0.080575, -0.000365
-0.318765, -63.194620, 0.001296, -0.051392, -0.080575, -0.000365
-0.321596, -63.756536, 0.001296, -0.051392, -0.080575, -0.000365
-0.324427, -64.318462, 0.001296, -0.051392, -0.080575, -0.000365
-0.327257, -64.880392, 0.001296, -0.051392, -0.080575, -0.000365
-0.330089, -65.442318, 0.001296, -0.051392, -0.080575, -0.000365
-0.332919, -66.004236, 0.001296, -0.051392, -0.080575, -0.000365
-0.335750, -66.566151, 0.001296, -0.051392, -0.080575, -0.000365
-0.338581, -67.128065, 0.001296, -0.051392, -0.080575, -0.000365
-0.341412, -67.689981, 0.001296, -0.051392, -0.080575, -0.000365
-0.344242, -68.251905, 0.001296, -0.051392, -0.080575, -0.000365
-0.347019, -68.813833, 0.001296, -0.048767, -0.080758, -0.000365
-0.349748, -69.375757, 0.001296, -0.045097, -0.080728, -0.000365
-0.352419, -69.937679, 0.001296, -0.040543, -0.080758, -0.000365
-0.355015, -70.499596, 0.001296, -0.034599, -0.080789, -0.000365
-0.357594, -71.061512, 0.001296, -0.030518, -0.080728, -0.000365
-0.360148, -71.623434, 0.001296, -0.027344, -0.080667, -0.000365
-0.362724, -72.185354, 0.001296, -0.026558, -0.080575, -0.000365
-0.365302, -72.747278, 0.001296, -0.026176, -0.080575, -0.000365
-0.367818, -73.309200, 0.001296, -0.023071, -0.080758, -0.000365
-0.370307, -73.871120, 0.001296, -0.020264, -0.080636, -0.000365
-0.372728, -74.433039, 0.001296, -0.015495, -0.080789, -0.000365
-0.375100, -74.994957, 0.001296, -0.010437, -0.080789, -0.000365
-0.377444, -75.556879, 0.001296, -0.006409, -0.080728, -0.000365
-0.379794, -76.118805, 0.001296, -0.004700, -0.080606, -0.000365
-0.382140, -76.680729, 0.001296, -0.003418, -0.080667, -0.000365
-0.384480, -77.242655, 0.001296, -0.002495, -0.080575, -0.000365
-0.386825, -77.804579, 0.001296, -0.002312, -0.080575, -0.000365
-0.389158, -78.366502, 0.001296, -0.001610, -0.080606, -0.000365
-0.391496, -78.928424, 0.001296, -0.001457, -0.080575, -0.000365
-0.393836, -79.490346, 0.001296, -0.001457, -0.080575, -0.000365
-0.396109, -80.052271, 0.001296, 0.001541, -0.080728, -0.000365
-0.398393, -80.614196, 0.001296, 0.002747, -0.080606, -0.000365
-0.400681, -81.176121, 0.001296, 0.003174, -0.080575, -0.000365
-0.402971, -81.738047, 0.001296, 0.003242, -0.080575, -0.000365
-0.405264, -82.299972, 0.001296, 0.003242, -0.080575, -0.000365
-0.407557, -82.861893, 0.001296, 0.003242, -0.080575, -0.000365
-0.409849, -83.423817, 0.001296, 0.003242, -0.080575, -0.000365
-0.412103, -83.985739, 0.001296, 0.004944, -0.080636, -0.000365
-0.414367, -84.547663, 0.001296, 0.005432, -0.080606, -0.000365
-0.416623, -85.109588, 0.001296, 0.006233, -0.080636, -0.000365
-0.418870, -85.671510, 0.001296, 0.007149, -0.080636, -0.000365
-0.421093, -86.233431, 0.001296, 0.008553, -0.080606, -0.000365
-0.423309, -86.795352, 0.001296, 0.009766, -0.080667, -0.000365
-0.425515, -87.357275, 0.001295, 0.010933, -0.080636, -0.000365
-0.427728, -87.919197, 0.001296, 0.011139, -0.080575, -0.000365
-0.429913, -88.481122, 0.001296, 0.012428, -0.080606, -0.000365
-0.432105, -89.043046, 0.001296, 0.012886, -0.080575, -0.000365
-0.434303, -89.604970, 0.001296, 0.012909, -0.080575, -0.000365
-0.436469, -90.166893, 0.001296, 0.014442, -0.080667, -0.000365
-0.438643, -90.728815, 0.001296, 0.014900, -0.080575, -0.000365
-0.440838, -91.290737, 0.001296, 0.014046, -0.080493, -0.000365
-0.443038, -91.852661, 0.001296, 0.013374, -0.080575, -0.000365
-0.445208, -92.414584, 0.001296, 0.014526, -0.080667, -0.000365
-0.447360, -92.976508, 0.001296, 0.015900, -0.080606, -0.000365
-0.449572, -93.538431, 0.001296, 0.013702, -0.080432, -0.000365
-0.451786, -94.100354, 0.001296, 0.012566, -0.080545, -0.000365
-0.453992, -94.662276, 0.001296, 0.012360, -0.080575, -0.000365
-0.456197, -95.224199, 0.001296, 0.012329, -0.080575, -0.000365
-0.458402, -95.786121, 0.001296, 0.012291, -0.080575, -0.000365
-0.460606, -96.348045, 0.001296, 0.012291, -0.080575, -0.000365
-0.462777, -96.909969, 0.001296, 0.013802, -0.080606, -0.000365
-0.464976, -97.471892, 0.001296, 0.013306, -0.080506, -0.000365
-0.467175, -98.033815, 0.001296, 0.012939, -0.080575, -0.000365
-0.469376, -98.595738, 0.001296, 0.012886, -0.080575, -0.000365
-0.471572, -99.157660, 0.001296, 0.012886, -0.080575, -0.000365
-0.473769, -99.719583, 0.001296, 0.012886, -0.080575, -0.000365
-0.475966, -100.281506, 0.001296, 0.012886, -0.080575, -0.000365
-0.478164, -100.843429, 0.001296, 0.012886, -0.080575, -0.000365
-0.480361, -101.405352, 0.001296, 0.012886, -0.080575, -0.000365
-0.482558, -101.967276, 0.001296, 0.012886, -0.080575, -0.000365
-0.484735, -102.529197, 0.001296, 0.013916, -0.080636, -0.000365
-0.486922, -103.091118, 0.001296, 0.014000, -0.080575, -0.000365
-0.489148, -103.653040, 0.001296, 0.012093, -0.080481, -0.000365
-0.491330, -104.214964, 0.001296, 0.013466, -0.080697, -0.000365
-0.493502, -104.776889, 0.001296, 0.014465, -0.080606, -0.000365
-0.495681, -105.338814, 0.001296, 0.014626, -0.080575, -0.000365
-0.497859, -105.900739, 0.001296, 0.014648, -0.080575, -0.000365
-0.500038, -106.462664, 0.001296, 0.014648, -0.080575, -0.000365
-0.502234, -107.024589, 0.001296, 0.013733, -0.080467, -0.000365
-0.504468, -107.586514, 0.001296, 0.011780, -0.080545, -0.000365
-0.506680, -108.148438, 0.001296, 0.011703, -0.080606, -0.000365
-0.508888, -108.710363, 0.001296, 0.011719, -0.080575, -0.000365
-0.511097, -109.272288, 0.001296, 0.011719, -0.080575, -0.000365
-0.513305, -109.834214, 0.001296, 0.011719, -0.080575, -0.000365
-0.515513, -110.396139, 0.001296, 0.011719, -0.080575, -0.000365
-0.517721, -110.958063, 0.001296, 0.011719, -0.080575, -0.000365
-0.519930, -111.519989, 0.001296, 0.011719, -0.080575, -0.000365
-0.522138, -112.081915, 0.001296, 0.011719, -0.080575, -0.000365
-0.524346, -112.643839, 0.001296, 0.011719, -0.080575, -0.000365
-0.526554, -113.205765, 0.001296, 0.011719, -0.080575, -0.000365
-0.528763, -113.767689, 0.001296, 0.011719, -0.080575, -0.000365
-0.530971, -114.329613, 0.001296, 0.011719, -0.080575, -0.000365
-0.533179, -114.891533, 0.001296, 0.011719, -0.080575, -0.000365
-0.535387, -115.453455, 0.001296, 0.011719, -0.080575, -0.000365
-0.537596, -116.015375, 0.001296, 0.011719, -0.080575, -0.000365
-0.539804, -116.577297, 0.001296, 0.011719, -0.080575, -0.000365
-0.542012, -117.139219, 0.001296, 0.011719, -0.080575, -0.000365
-0.544220, -117.701139, 0.001296, 0.011719, -0.080575, -0.000365
-0.546429, -118.263062, 0.001296, 0.011719, -0.080575, -0.000365
-0.548637, -118.824984, 0.001296, 0.011719, -0.080575, -0.000365
-0.550845, -119.386904, 0.001296, 0.011719, -0.080575, -0.000365
-0.553054, -119.948826, 0.001296, 0.011719, -0.080575, -0.000365
-0.555262, -120.510746, 0.001296, 0.011719, -0.080575, -0.000365
-0.557470, -121.072668, 0.001296, 0.011719, -0.080575, -0.000365
-0.559678, -121.634590, 0.001296, 0.011719, -0.080575, -0.000365
-0.561887, -122.196510, 0.001296, 0.011719, -0.080575, -0.000365
-0.564095, -122.758432, 0.001296, 0.011719, -0.080575, -0.000365
-0.566303, -123.320354, 0.001296, 0.011719, -0.080575, -0.000365
-0.568511, -123.882275, 0.001296, 0.011719, -0.080575, -0.000365
-0.570720, -124.444197, 0.001296, 0.011719, -0.080575, -0.000365
-0.572927, -125.006117, 0.001296, 0.011719, -0.080575, -0.000365
-0.575136, -125.568039, 0.001296, 0.011719, -0.080575, -0.000365
-0.577344, -126.129959, 0.001296, 0.011719, -0.080575, -0.000365
-0.579553, -126.691883, 0.001296, 0.011719, -0.080575, -0.000365
-0.581760, -127.253803, 0.001296, 0.011719, -0.080575, -0.000365
-0.583969, -127.815723, 0.001296, 0.011719, -0.080575, -0.000365
-0.586177, -128.377647, 0.001296, 0.011719, -0.080575, -0.000365
-0.588386, -128.939568, 0.001296, 0.011719, -0.080575, -0.000365
-0.590593, -129.501488, 0.001296, 0.011719, -0.080575, -0.000365
-0.592802, -130.063412, 0.001296, 0.011719, -0.080575, -0.000365
-0.595010, -130.625332, 0.001296, 0.011719, -0.080575, -0.000365
-0.597219, -131.187252, 0.001296, 0.011719, -0.080575, -0.000365
-0.599426, -131.749176, 0.001296, 0.011719, -0.080575, -0.000365
-0.601635, -132.311096, 0.001296, 0.011719, -0.080575, -0.000365
-0.603844, -132.873016, 0.001296, 0.011719, -0.080575, -0.000365
-0.606056, -133.435684, 0.001290, 0.011719, -0.080575, 0.000577
-0.608314, -134.009964, 0.001242, 0.011719, -0.080575, 0.008739
-0.610685, -134.613079, 0.001163, 0.011658, -0.080575, 0.022201
-0.613201, -135.256538, 0.001086, 0.012093, -0.080606, 0.035466
-0.615845, -135.948376, 0.001010, 0.001686, -0.080440, 0.048341
-0.619384, -136.693970, 0.000959, 0.113403, -0.080880, 0.057063
-0.623227, -137.512684, 0.000875, 0.261993, -0.081430, 0.071379
-0.625256, -138.375885, 0.000919, 0.241753, -0.083871, 0.063893
-0.624919, -139.281490, 0.000935, 0.227715, -0.085489, 0.061017
-0.623737, -140.242203, 0.000886, 0.294106, -0.085336, 0.069514
-0.621882, -141.266216, 0.000908, 0.347939, -0.084024, 0.065614
-0.612761, -142.301571, 0.001051, 0.726044, -0.107858, 0.041271
-0.590902, -143.325695, 0.001203, 1.470528, -0.116220, 0.015433
-0.560376, -144.325611, 0.001325, 2.145203, -0.114541, -0.005372
-0.523407, -145.295181, 0.001411, 2.637878, -0.110299, -0.020050
-0.482010, -146.232315, 0.001464, 2.963562, -0.105295, -0.029086
-0.426904, -147.137730, 0.001488, 3.718872, -0.133981, -0.033137
-0.355916, -148.016792, 0.001481, 4.795357, -0.137918, -0.031887
-0.274021, -148.876751, 0.001455, 5.738106, -0.131112, -0.027529
-0.183867, -149.723259, 0.001424, 6.438141, -0.122354, -0.022249
-0.087674, -150.559361, 0.001399, 6.921814, -0.113931, -0.018008
0.020519, -151.383221, 0.001391, 7.670845, -0.137887, -0.016628
0.146407, -152.191284, 0.001393, 8.847481, -0.142556, -0.017031
0.282529, -152.982628, 0.001401, 9.888130, -0.133706, -0.018336
0.424914, -153.755943, 0.001411, 10.670036, -0.123208, -0.019954
0.570796, -154.510700, 0.001418, 11.219719, -0.113809, -0.021204
0.718410, -155.247360, 0.001421, 11.608360, -0.108011, -0.021669
0.879130, -155.963177, 0.001422, 12.535294, -0.135324, -0.021963
1.050590, -156.661530, 0.001413, 13.686310, -0.132760, -0.020323
1.228549, -157.345089, 0.001404, 14.635551, -0.123605, -0.018862
1.410298, -158.015369, 0.001396, 15.372093, -0.114328, -0.017366
1.594453, -158.672859, 0.001390, 15.846466, -0.106607, -0.016512
1.778754, -159.317459, 0.001390, 16.191147, -0.100168, -0.016451
1.966619, -159.946953, 0.001394, 16.688004, -0.117746, -0.017120
2.165866, -160.557983, 0.001397, 17.679611, -0.127115, -0.017571
2.370297, -161.154022, 0.001394, 18.649269, -0.120279, -0.017058
2.577027, -161.736664, 0.001390, 19.444649, -0.111734, -0.016416
2.784583, -162.306992, 0.001386, 20.036774, -0.104379, -0.015713
2.983726, -162.843994, 0.001564, 20.429413, -0.096719, -0.046018
3.161597, -163.315117, 0.001342, 20.661743, -0.095132, -0.032372
3.349067, -163.806732, 0.001438, 20.845329, -0.090402, -0.017700
3.546115, -164.291901, 0.001394, 21.511322, -0.120187, -0.009702
3.759324, -164.784798, 0.001295, 22.424583, -0.120248, 0.004231
3.995145, -165.314514, 0.001125, 23.334290, -0.114511, 0.031183
4.242429, -165.857231, 0.001286, 23.820808, -0.100808, 0.002510
4.466828, -166.342392, 0.001299, 24.177620, -0.097696, -0.008849
4.696633, -166.836151, 0.001356, 24.587502, -0.092813, -0.006711
4.927119, -167.327446, 0.001334, 24.931679, -0.090127, -0.003323
5.164060, -167.828369, 0.001271, 25.202950, -0.088571, 0.006069
5.414157, -168.340469, 0.001236, 25.719925, -0.115182, 0.010952
5.680226, -168.849182, 0.001254, 26.739796, -0.123819, 0.007305
5.951283, -169.350174, 0.001288, 27.699299, -0.115884, 0.001267
6.223691, -169.842766, 0.001311, 28.491970, -0.107522, -0.002865
6.496604, -170.327347, 0.001323, 29.072113, -0.101327, -0.004935
6.770766, -170.807274, 0.001316, 29.500858, -0.096658, -0.003842
7.048625, -171.288780, 0.001291, 29.836555, -0.093026, 0.000522
7.331847, -171.775902, 0.001267, 30.097595, -0.090188, 0.004525
7.623021, -172.263260, 0.001269, 30.591351, -0.114816, 0.004156
7.926593, -172.741135, 0.001286, 31.584213, -0.123575, 0.001281
8.235150, -173.211479, 0.001301, 32.512718, -0.116250, -0.001281
8.546342, -173.675903, 0.001307, 33.261093, -0.108072, -0.002346
8.860185, -174.136971, 0.001303, 33.839653, -0.101571, -0.001554
9.177585, -174.597786, 0.001290, 34.286301, -0.096628, 0.000543
9.498776, -175.059944, 0.001281, 34.634354, -0.092874, 0.002210
9.822568, -175.522705, 0.001280, 34.907089, -0.090005, 0.002244
10.151280, -175.980820, 0.001291, 35.397194, -0.114236, 0.000475
10.490836, -176.427536, 0.001299, 36.385677, -0.123361, -0.000973
10.836249, -176.868095, 0.001300, 37.306751, -0.116403, -0.001035
11.186183, -177.305565, 0.001294, 38.051739, -0.108285, -0.000120
11.540162, -177.741707, 0.001288, 38.635143, -0.101632, 0.000912
11.897336, -178.177010, 0.001286, 39.089611, -0.096567, 0.001315
12.256476, -178.611038, 0.001288, 39.443462, -0.092752, 0.000939
12.616513, -179.043320, 0.001292, 39.719345, -0.089914, 0.000222
12.979238, -179.471481, 0.001297, 40.107464, -0.107675, -0.000639
13.352689, -179.888298, 0.001298, 41.045933, -0.122934, -0.000823
13.733363, -180.299622, 0.001292, 41.971424, -0.117166, 0.000222
14.119443, -180.708473, 0.001286, 42.730461, -0.109018, 0.001192
14.509274, -181.115387, 0.001286, 43.329266, -0.102151, 0.001294
14.901181, -181.520058, 0.001290, 43.795898, -0.096902, 0.000645
15.293981, -181.922195, 0.001294, 44.158955, -0.093026, -0.000154
15.687287, -182.322144, 0.001296, 44.441540, -0.090188, -0.000488
16.083537, -182.718246, 0.001297, 44.838020, -0.108377, -0.000516
16.490838, -183.102592, 0.001294, 45.807640, -0.124521, -0.000106
16.905713, -183.481216, 0.001288, 46.765503, -0.118478, 0.000966
17.325723, -183.856628, 0.001285, 47.551590, -0.109964, 0.001390
17.748723, -184.229149, 0.001288, 48.171589, -0.102823, 0.000898
18.173062, -184.598602, 0.001293, 48.653915, -0.097421, 0.000024
18.597955, -184.965248, 0.001297, 49.028530, -0.093423, -0.000543
19.023541, -185.329895, 0.001296, 49.319790, -0.090494, -0.000427
19.453477, -185.689194, 0.001295, 49.825233, -0.114908, -0.000243
19.893575, -186.036674, 0.001291, 50.822067, -0.123849, 0.000413
20.340150, -186.378632, 0.001287, 51.745449, -0.116617, 0.001185
20.790814, -186.716957, 0.001287, 52.494797, -0.108255, 0.001178
21.243569, -187.051956, 0.001291, 53.081314, -0.101480, 0.000488
21.697122, -187.383812, 0.001295, 53.537121, -0.096414, -0.000243
22.151120, -187.713081, 0.001297, 53.890083, -0.092660, -0.000516
22.605969, -188.040695, 0.001294, 54.164616, -0.089944, -0.000120
23.064969, -188.362907, 0.001293, 54.657562, -0.114541, 0.000106
23.533063, -188.672478, 0.001290, 55.647114, -0.123605, 0.000543
24.006818, -188.975822, 0.001287, 56.565323, -0.116433, 0.001048
24.484033, -189.275063, 0.001288, 57.310223, -0.108102, 0.000925
24.962956, -189.570755, 0.001292, 57.892864, -0.101358, 0.000324
25.442540, -189.863342, 0.001295, 58.345318, -0.096322, -0.000243
25.922585, -190.153481, 0.001296, 58.695694, -0.092599, -0.000365
26.403512, -190.442017, 0.001293, 58.968187, -0.089853, 0.000051
26.887227, -190.726677, 0.001292, 59.356976, -0.108133, 0.000304
27.378869, -190.997437, 0.001291, 60.317621, -0.124093, 0.000386
27.875714, -191.260536, 0.001289, 61.266088, -0.118020, 0.000789
28.375840, -191.518852, 0.001289, 62.043318, -0.109598, 0.000803
28.877709, -191.773430, 0.001291, 62.654552, -0.102517, 0.000400
29.380288, -192.024857, 0.001294, 63.129322, -0.097207, -0.000065
29.883286, -192.273743, 0.001295, 63.497547, -0.093271, -0.000215
30.386933, -192.520813, 0.001416, 63.783525, -0.092355, 0.006560
30.892793, -192.763618, 0.001696, 64.182858, -0.110483, 0.018179
31.405320, -192.991867, 0.001993, 65.148003, -0.127694, 0.030801
31.922341, -193.212036, 0.002643, 66.096182, -0.121316, 0.060020
32.442430, -193.427261, 0.003481, 66.874228, -0.113870, 0.094561
32.964108, -193.638687, 0.004709, 67.485003, -0.107614, 0.142208
33.486218, -193.846893, 0.006397, 67.960159, -0.104013, 0.184398
34.008698, -194.052620, 0.008006, 68.329569, -0.104410, 0.227640
34.531247, -194.256340, 0.010512, 68.613539, -0.101846, 0.282363
35.055192, -194.457367, 0.013154, 68.919905, -0.113168, 0.318372
35.584355, -194.643326, 0.016418, 69.839575, -0.136239, 0.367891
36.117482, -194.819763, 0.020406, 70.814270, -0.132760, 0.406106
36.653806, -194.990837, 0.024103, 71.624264, -0.125650, 0.451691
37.191041, -195.157639, 0.029081, 72.261837, -0.114572, 0.499563
37.728780, -195.321175, 0.033841, 72.758078, -0.110727, 0.531850
38.266339, -195.482040, 0.038769, 73.142504, -0.103250, 0.568999
38.803815, -195.640663, 0.044748, 73.440355, -0.118051, 0.602358
39.342488, -195.796616, 0.050927, 73.758194, -0.128396, 0.673084
39.885144, -195.937019, 0.058298, 74.681504, -0.145852, 0.720834
40.431855, -196.067963, 0.065089, 75.659895, -0.137735, 0.751686
40.980859, -196.193169, 0.071853, 76.462414, -0.120553, 0.795051
41.529767, -196.313843, 0.079527, 77.100903, -0.127755, 0.845376
42.077748, -196.431175, 0.088246, 77.594159, -0.113199, 0.885742
42.625920, -196.545784, 0.097452, 77.979383, -0.119119, 0.899560
43.175218, -196.658730, 0.106814, 78.274487, -0.128579, 0.961872
43.725671, -196.769821, 0.116617, 78.537822, -0.127237, 1.052071
44.278474, -196.866508, 0.126471, 79.375350, -0.160928, 1.096160
44.833055, -196.951820, 0.136656, 80.365617, -0.143380, 1.104568
45.389050, -197.030540, 0.147014, 81.206959, -0.140451, 1.146929
45.945054, -197.104836, 0.158746, 81.870078, -0.130777, 1.199473
46.501328, -197.175652, 0.171021, 82.387567, -0.113199, 1.208243
47.058000, -197.243698, 0.183688, 82.787315, -0.139718, 1.245550
47.615045, -197.309975, 0.196337, 83.099115, -0.131967, 1.344963
48.172154, -197.373947, 0.209435, 83.373682, -0.141183, 1.425880
48.730481, -197.426079, 0.222463, 84.090296, -0.160989, 1.429016
49.289662, -197.469383, 0.235827, 84.893766, -0.143747, 1.447805
49.849080, -197.507416, 0.249953, 85.557492, -0.164407, 1.507221
50.407895, -197.542137, 0.266113, 86.083342, -0.145273, 1.563201
50.967313, -197.573990, 0.282859, 86.484374, -0.149698, 1.592312
51.529195, -197.604172, 0.297455, 86.807708, -0.150766, 1.623922
52.090680, -197.632698, 0.312369, 87.041015, -0.142984, 1.688242
52.650067, -197.659836, 0.328252, 87.235107, -0.153299, 1.727952
53.208005, -197.682289, 0.345429, 87.564788, -0.153817, 1.722140
53.766614, -197.700882, 0.363130, 87.924316, -0.152505, 1.703063
54.328076, -197.717430, 0.379495, 88.209870, -0.145517, 1.738847
54.891324, -197.732590, 0.396116, 88.452637, -0.139139, 1.754720
55.454518, -197.746468, 0.413306, 88.615357, -0.131326, 1.751366
56.014012, -197.759491, 0.430424, 88.753449, -0.125070, 1.747412
56.570615, -197.771767, 0.447415, 88.857819, -0.120462, 1.745950
57.127316, -197.783501, 0.465059, 88.938385, -0.120523, 1.782505
57.686833, -197.794373, 0.483531, 89.030640, -0.121713, 1.843868
58.249623, -197.798141, 0.502149, 89.417114, -0.120523, 1.903181
58.813230, -197.797417, 0.520737, 89.836761, -0.104196, 1.959127
59.375150, -197.794098, 0.539223, 90.180389, -0.088662, 2.012997
59.934285, -197.789001, 0.557909, 90.449060, -0.075559, 2.052168
60.491765, -197.782562, 0.577785, 90.654095, -0.065115, 2.049552
61.050092, -197.775017, 0.598658, 90.816201, -0.078676, 2.090827
61.610311, -197.766647, 0.621528, 90.918872, -0.085672, 2.212903
62.182454, -197.757591, 0.643692, 91.024941, -0.088693, 2.275665
62.756078, -197.744797, 0.666253, 91.222276, -0.126169, 2.366616
63.315282, -197.721069, 0.689442, 91.930046, -0.121805, 2.488036
63.862699, -197.691200, 0.711137, 92.665145, -0.091958, 2.535185
64.405110, -197.656799, 0.736363, 93.253629, -0.084482, 2.573011
64.978078, -197.616295, 0.762813, 93.578610, -0.107004, 2.643355
65.542050, -197.572983, 0.787105, 93.640192, -0.133890, 2.673558
66.108327, -197.529900, 0.815577, 93.796993, -0.138772, 2.717278
66.665524, -197.486557, 0.841311, 93.975786, -0.146646, 2.753813
67.207387, -197.441727, 0.866678, 94.186874, -0.202798, 2.780840
67.744443, -197.384262, 0.895250, 94.999117, -0.201211, 2.828849
68.277577, -197.318764, 0.920246, 95.958570, -0.156045, 2.872303
68.832013, -197.244179, 0.948284, 96.713294, -0.172036, 2.931117
69.384427, -197.165611, 0.978636, 97.332833, -0.153299, 2.956785
69.923360, -197.086525, 1.004650, 97.880215, -0.143167, 3.003026
70.459378, -197.005424, 1.034475, 98.261495, -0.152688, 3.045216
71.028203, -196.917946, 1.065445, 98.668162, -0.163797, 3.121939
71.581388, -196.832893, 1.093900, 99.334748, -0.180856, 3.132171
72.118161, -196.736206, 1.126221, 100.063499, -0.180429, 3.176663
72.651013, -196.626717, 1.155538, 100.983800, -0.156503, 3.225266
73.218366, -196.501068, 1.187143, 101.666780, -0.170816, 3.281472
73.743337, -196.381432, 1.220411, 102.168511, -0.169412, 3.301594
74.263387, -196.260620, 1.249335, 102.602574, -0.139657, 3.343401
74.783261, -196.137527, 1.280868, 102.969876, -0.171060, 3.383624
75.327542, -196.006653, 1.315928, 103.270233, -0.177499, 3.455471
75.888547, -195.871506, 1.347993, 103.760343, -0.183969, 3.494144
76.425092, -195.732368, 1.383520, 104.444010, -0.206277, 3.519634
76.951985, -195.580238, 1.417750, 105.390592, -0.180490, 3.568852
77.484456, -195.417694, 1.450229, 106.170389, -0.197152, 3.614806
78.034375, -195.245796, 1.489418, 106.851219, -0.164010, 3.672241
78.578153, -195.072456, 1.524563, 107.387135, -0.142618, 3.709376
79.106053, -194.901108, 1.559858, 107.787586, -0.185281, 3.736363
79.622113, -194.731773, 1.597886, 108.106680, -0.190713, 3.789665
80.144315, -194.558296, 1.631648, 108.292192, -0.184976, 3.840509
80.684552, -194.372864, 1.670873, 108.982971, -0.232248, 3.876764
81.200589, -194.179703, 1.709494, 110.081467, -0.196206, 3.921235
81.709836, -193.978775, 1.744353, 110.954214, -0.190378, 3.956028
82.219815, -193.771736, 1.785033, 111.616915, -0.156808, 4.002521
82.761250, -193.545784, 1.825508, 112.008425, -0.168283, 4.081513
83.259046, -193.337112, 1.862124, 112.399534, -0.194558, 4.074191
83.761449, -193.123611, 1.904443, 112.694473, -0.207376, 4.137732
84.273076, -192.904739, 1.942393, 112.874481, -0.200357, 4.188077
84.782086, -192.681770, 1.982690, 113.308674, -0.278482, 4.217782
85.273885, -192.450813, 2.025437, 114.298977, -0.251779, 4.261112
85.761250, -192.212151, 2.062766, 115.225050, -0.191049, 4.305454
86.270452, -191.956161, 2.107098, 116.120981, -0.177438, 4.362561
86.770589, -191.701302, 2.150825, 116.939034, -0.149362, 4.407128
87.261357, -191.445923, 2.190445, 117.407734, -0.185159, 4.427058
87.738904, -191.194763, 2.235410, 117.709124, -0.177560, 4.467848
88.227284, -190.935120, 2.277687, 117.882738, -0.194986, 4.532387
88.732854, -190.662712, 2.321155, 118.034529, -0.284463, 4.571182
89.220609, -190.383850, 2.369630, 118.932993, -0.263894, 4.613052
89.696042, -190.100594, 2.411579, 119.882053, -0.192117, 4.652106
90.160871, -189.815964, 2.456259, 120.675835, -0.210001, 4.684604
90.627721, -189.525085, 2.503808, 121.308041, -0.188791, 4.751199
91.119245, -189.215057, 2.548281, 121.857290, -0.192514, 4.812377
91.551770, -188.937065, 2.593348, 121.860624, -0.236795, 4.795930
92.022580, -188.635574, 2.641538, 122.156565, -0.248910, 4.880399
92.484807, -188.338593, 2.685478, 122.511852, -0.327463, 4.897317
92.925138, -188.038788, 2.734801, 123.412392, -0.287668, 4.933449
93.364377, -187.725014, 2.780398, 124.384403, -0.235360, 4.997161
93.827474, -187.386284, 2.828311, 125.374371, -0.234628, 5.042944
94.240666, -187.081459, 2.877204, 126.193211, -0.191171, 5.071077
94.688390, -186.743851, 2.924346, 126.695190, -0.157571, 5.132064
95.120732, -186.414597, 2.972878, 127.072735, -0.205240, 5.150014
95.549626, -186.085716, 3.024905, 127.364910, -0.216897, 5.212373
96.003362, -185.736458, 3.073094, 127.652733, -0.220407, 5.265505
96.442197, -185.385345, 3.126697, 127.997486, -0.305764, 5.276502
96.857274, -185.036224, 3.178226, 128.905804, -0.261056, 5.330337
97.260411, -184.688606, 3.224396, 129.822674, -0.252786, 5.356736
97.670674, -184.328743, 3.279353, 130.561535, -0.195474, 5.416514
98.095052, -183.949890, 3.332807, 131.044270, -0.204843, 5.463225
98.487828, -183.596207, 3.380983, 131.421749, -0.260751, 5.479796
98.884572, -183.238266, 3.436628, 131.836910, -0.258218, 5.541014
99.294675, -182.866676, 3.487525, 132.234337, -0.233743, 5.606578
99.700765, -182.490715, 3.540506, 132.650814, -0.334054, 5.617076
100.090489, -182.107864, 3.598032, 133.676903, -0.285043, 5.680781
100.497624, -181.694565, 3.651405, 134.682560, -0.205514, 5.743140
100.861524, -181.319618, 3.705344, 135.519840, -0.182077, 5.731119
101.227941, -180.934929, 3.760935, 136.114758, -0.193674, 5.809742
101.609471, -180.527527, 3.813211, 136.613995, -0.209634, 5.863611
101.996915, -180.112991, 3.874845, 137.129322, -0.174814, 5.886281
102.373013, -179.706940, 3.931896, 137.419315, -0.200845, 5.930629
102.736806, -179.308830, 3.984766, 137.684574, -0.305368, 5.948852
103.093122, -178.893456, 4.046561, 138.538177, -0.285348, 6.018056
103.463902, -178.446053, 4.104921, 139.393402, -0.207437, 6.087518
103.816510, -178.017303, 4.161451, 140.543797, -0.204782, 6.005481
104.149480, -177.605507, 4.221145, 141.150337, -0.158731, 6.043785
104.476476, -177.193588, 4.273709, 141.528919, -0.146096, 6.094028
104.807988, -176.772575, 4.332954, 141.852482, -0.195352, 6.122400
105.158025, -176.327141, 4.394528, 142.148567, -0.195291, 6.053101
105.505231, -175.883499, 4.452364, 142.418835, -0.269479, 6.195149
105.829206, -175.446289, 4.513888, 143.035908, -0.282266, 6.290641
106.142484, -175.002373, 4.573178, 143.895046, -0.244882, 6.281066
106.464734, -174.536171, 4.630500, 144.811424, -0.191751, 6.181536
106.759236, -174.098076, 4.686909, 145.233879, -0.250924, 6.105461
107.066037, -173.638779, 4.747483, 145.606060, -0.251535, 6.284364
107.375478, -173.174347, 4.812697, 146.094719, -0.237558, 6.226602
107.688626, -172.698578, 4.874231, 146.430218, -0.257241, 6.036094
107.998906, -172.224182, 4.930203, 146.690842, -0.328897, 6.054529
108.289739, -171.765610, 4.987269, 147.291580, -0.348031, 6.242523
108.559293, -171.313705, 5.048820, 148.269794, -0.277902, 6.258751
108.829762, -170.845139, 5.109190, 149.176476, -0.206430, 6.070245
109.111814, -170.347328, 5.166564, 149.965977, -0.191201, 6.032296
109.384000, -169.858978, 5.223544, 150.528873, -0.217660, 6.197696
109.645680, -169.383553, 5.282100, 150.939102, -0.191202, 6.118179
109.907216, -168.902756, 5.344435, 151.286510, -0.249978, 6.013698
110.173490, -168.410576, 5.407891, 151.547733, -0.285257, 6.162152
110.441419, -167.903267, 5.467270, 152.028194, -0.291055, 6.288435
110.687650, -167.403687, 5.523148, 152.962708, -0.252786, 6.185382
110.918622, -166.915344, 5.581113, 153.887051, -0.269662, 6.091794
111.143895, -166.426704, 5.638612, 154.616974, -0.191506, 6.214915
111.374959, -165.913437, 5.700718, 155.223907, -0.228555, 6.052794
111.606404, -165.390022, 5.767212, 155.360512, -0.293161, 6.047609
111.826711, -164.889244, 5.826161, 155.581184, -0.299295, 6.246122
112.044850, -164.392128, 5.879633, 155.908829, -0.289072, 6.251614
112.258657, -163.897522, 5.936306, 156.279343, -0.325357, 6.077758
112.470571, -163.363548, 5.997294, 157.322334, -0.328134, 6.229334
112.668782, -162.844116, 6.057706, 158.635597, -0.219339, 6.116294
112.854817, -162.334259, 6.120228, 159.440422, -0.208810, 6.018848
113.040456, -161.809868, 6.182656, 159.989296, -0.202798, 6.193304
113.230107, -161.271248, 6.240565, 160.726768, -0.173135, 6.267064
113.410939, -160.744583, 6.299238, 161.095512, -0.203378, 6.269188
113.585332, -160.229919, 6.357991, 161.318893, -0.230844, 6.192608
113.763097, -159.698067, 6.413554, 161.506714, -0.263192, 6.096179
113.930104, -159.162376, 6.475237, 162.672684, -0.259774, 5.906949
114.081471, -158.636436, 6.537378, 163.757027, -0.199044, 5.944686
114.223439, -158.115105, 6.593547, 164.543419, -0.145089, 5.959903
114.360158, -157.588142, 6.650686, 165.039536, -0.169901, 5.857758
114.497670, -157.049080, 6.706123, 165.458328, -0.176828, 5.951256
114.635091, -156.496555, 6.760719, 165.609413, -0.219796, 5.974588
114.767919, -155.961418, 6.819974, 165.830742, -0.250253, 5.840095
114.898549, -155.432007, 6.876799, 166.051369, -0.287882, 5.680487
115.019536, -154.891701, 6.931627, 166.738388, -0.293435, 5.758583
115.133611, -154.318657, 6.989097, 167.757118, -0.244028, 5.556321
115.233861, -153.767632, 7.041151, 168.168465, -0.295358, 5.506085
115.331716, -153.224400, 7.097848, 168.834442, -0.219613, 5.455398
115.427129, -152.675968, 7.149434, 169.452873, -0.256082, 5.433787
115.518483, -152.145206, 7.204789, 170.030640, -0.235514, 5.421268
115.607366, -151.614239, 7.256909, 170.563187, -0.232095, 5.526097
115.696370, -151.064407, 7.305175, 170.990471, -0.204873, 5.514848
115.775014, -150.513287, 7.356757, 171.721352, -0.257607, 5.324935
115.841115, -149.952114, 7.410223, 172.828896, -0.197854, 5.427709
115.896810, -149.407085, 7.464820, 173.707825, -0.176248, 5.409691
115.946462, -148.865250, 7.516855, 174.305016, -0.136850, 5.190257
115.992818, -148.320171, 7.564094, 174.828613, -0.168924, 5.109203
116.038701, -147.745865, 7.614247, 175.216095, -0.184183, 5.261551
116.082814, -147.189171, 7.667297, 175.689064, -0.196359, 5.266871
116.124959, -146.636524, 7.719190, 176.036148, -0.163492, 5.046604
116.158803, -146.091351, 7.765415, 176.466476, -0.223398, 4.934487
116.177083, -145.556816, 7.810372, 177.361633, -0.213968, 5.040280
116.187215, -145.004528, 7.857599, 178.255783, -0.157357, 4.985836
116.191411, -144.419113, 7.911824, 178.813026, -0.182229, 4.880570
116.199300, -143.883068, 7.960954, 180.191132, -0.093088, 4.895200
116.199224, -143.366943, 8.002709, 180.750404, -0.106759, 4.926946
116.193593, -142.828072, 8.044764, 180.952080, -0.110391, 4.856964
116.186391, -142.270016, 8.091482, 181.114273, -0.171457, 4.746923
116.177342, -141.695667, 8.140114, 181.399139, -0.201547, 4.836194
116.153325, -141.135807, 8.190657, 182.142082, -0.194192, 4.736302
116.120824, -140.591007, 8.235548, 182.929901, -0.177469, 4.570527
116.082997, -140.053596, 8.275327, 183.573784, -0.158761, 4.534600
116.040334, -139.505703, 8.317751, 184.068336, -0.171029, 4.648759
115.992009, -138.927814, 8.367632, 184.529816, -0.154398, 4.633405
115.944280, -138.372272, 8.414157, 184.844383, -0.165262, 4.436798
115.896535, -137.844551, 8.454931, 184.900421, -0.209604, 4.458744
115.847341, -137.311356, 8.494083, 185.039909, -0.231302, 4.502771
115.784368, -136.781857, 8.532742, 185.799248, -0.243662, 4.399553
115.706670, -136.220207, 8.576993, 186.878700, -0.235269, 4.242343
115.619313, -135.641880, 8.624197, 187.585823, -0.212076, 4.243415
115.533772, -135.115955, 8.664652, 187.769478, -0.212564, 4.276842
115.449956, -134.604549, 8.703177, 188.222290, -0.230600, 4.144050
115.366597, -134.095150, 8.740368, 188.702072, -0.212686, 4.222262
115.278005, -133.565968, 8.776539, 189.055214, -0.208993, 4.248811
115.182790, -133.000477, 8.816567, 189.476768, -0.220041, 4.102481
115.084661, -132.457787, 8.858073, 190.398499, -0.236215, 3.924363
114.972646, -131.938194, 8.897279, 191.525665, -0.214120, 4.008108
114.846929, -131.402847, 8.936462, 192.245621, -0.176187, 4.021557
114.714696, -130.856022, 8.974813, 192.839409, -0.170816, 3.893006
114.579350, -130.308720, 9.010207, 193.350410, -0.181710, 3.857851
114.444921, -129.777790, 9.046564, 193.650246, -0.186807, 3.913510
114.308888, -129.249249, 9.084177, 193.836601, -0.188821, 3.764926
114.170247, -128.712406, 9.123698, 194.049217, -0.238077, 3.704964
114.023900, -128.161751, 9.162151, 194.447319, -0.244028, 3.788661
113.865254, -127.623741, 9.196443, 195.416527, -0.220925, 3.785192
113.704061, -127.105247, 9.230058, 196.413902, -0.187112, 3.647925
113.539098, -126.595657, 9.263558, 197.211296, -0.191690, 3.609239
113.364430, -126.071226, 9.299501, 197.813416, -0.176309, 3.666333
113.175191, -125.511583, 9.339429, 198.417679, -0.167245, 3.583981
113.007924, -125.017620, 9.371455, 199.260567, -0.143045, 3.431456
112.831517, -124.514284, 9.401103, 199.489487, -0.165140, 3.409825
112.656011, -124.019585, 9.431637, 199.666954, -0.198160, 3.473919
112.457402, -123.507084, 9.467064, 200.403427, -0.195748, 3.470832
112.243901, -122.978579, 9.502508, 201.596535, -0.155252, 3.329802
