8.333333e-02
1.833333e-01
2.833333e-01
3.833333e-01
4.833333e-01
5.833333e-01
6.833333e-01
7.833333e-01
8.833333e-01
9.833333e-01
1.083333e+00
1.183333e+00
1.283333e+00
1.383333e+00
1.483333e+00
1.583333e+00
1.683333e+00
1.783333e+00
1.883333e+00
1.983333e+00
2.083333e+00
2.183333e+00
2.283333e+00
2.383333e+00
2.483333e+00
2.583333e+00
2.683333e+00
2.783333e+00
2.883333e+00
2.983333e+00
3.083333e+00
3.183333e+00
3.283333e+00
3.383333e+00
3.483333e+00
3.583333e+00
3.683333e+00
3.783333e+00
3.883333e+00
3.983333e+00
4.083333e+00
4.183333e+00
4.283333e+00
4.383333e+00
4.483333e+00
4.583333e+00
4.683333e+00
4.783333e+00
4.883333e+00
4.983333e+00
5.083333e+00
5.183333e+00
5.283333e+00
5.383333e+00
5.483333e+00
5.583333e+00
5.683333e+00
5.783333e+00
5.883333e+00
5.983333e+00
6.083333e+00
6.183333e+00
6.283333e+00
6.383333e+00
6.483333e+00
6.583333e+00
6.683333e+00
6.783333e+00
6.883333e+00
6.983333e+00
7.083333e+00
7.183333e+00
7.283333e+00
7.383333e+00
7.483333e+00
7.583333e+00
7.683333e+00
7.783333e+00
7.883333e+00
7.983333e+00
8.083333e+00
8.183333e+00
8.283333e+00
8.383333e+00
8.483333e+00
8.583333e+00
8.683333e+00
8.783333e+00
8.883333e+00
8.983333e+00
9.083333e+00
9.183333e+00
9.283333e+00
9.383333e+00
9.483333e+00
9.583333e+00
9.683333e+00
9.783333e+00
9.883333e+00
9.983333e+00
1.008333e+01
1.018333e+01
1.028333e+01
1.038333e+01
1.048333e+01
1.058333e+01
1.068333e+01
1.078333e+01
1.088333e+01
1.098333e+01
1.108333e+01
1.118333e+01
1.128333e+01
1.138333e+01
1.148333e+01
1.158333e+01
1.168333e+01
1.178333e+01
1.188333e+01
1.198333e+01
1.208333e+01
1.218333e+01
1.228333e+01
1.238333e+01
1.248333e+01
1.258333e+01
1.268333e+01
1.278333e+01
1.288333e+01
1.298333e+01
1.308333e+01
1.318333e+01
1.328333e+01
1.338333e+01
1.348333e+01
1.358333e+01
1.368333e+01
1.378333e+01
1.388333e+01
1.398333e+01
1.408333e+01
1.418333e+01
1.428333e+01
1.438333e+01
1.448333e+01
1.458333e+01
1.468333e+01
1.478333e+01
1.488333e+01
1.498333e+01
1.508333e+01
1.518333e+01
1.528333e+01
1.538333e+01
1.548333e+01
1.558333e+01
1.568333e+01
1.578333e+01
1.588333e+01
1.598333e+01
1.608333e+01
1.618333e+01
1.628333e+01
1.638333e+01
1.648333e+01
1.658333e+01
1.668333e+01
1.678333e+01
1.688333e+01
1.698333e+01
1.708333e+01
1.718333e+01
1.728333e+01
1.738333e+01
1.748333e+01
1.758333e+01
1.768333e+01
1.778333e+01
1.788333e+01
1.798333e+01
1.808333e+01
1.818333e+01
1.828333e+01
1.838333e+01
1.848333e+01
1.858333e+01
1.868333e+01
1.878333e+01
1.888333e+01
1.898333e+01
1.908333e+01
1.918333e+01
1.928333e+01
1.938333e+01
1.948333e+01
1.958333e+01
1.968333e+01
1.978333e+01
1.988333e+01
1.998333e+01
2.008333e+01
2.018333e+01
2.028333e+01
2.038333e+01
2.048333e+01
2.058333e+01
2.068333e+01
2.078333e+01
2.088333e+01
2.098333e+01
2.108333e+01
2.118333e+01
2.128333e+01
2.138333e+01
2.148333e+01
2.158333e+01
2.168333e+01
2.178333e+01
2.188333e+01
2.198333e+01
2.208333e+01
2.218333e+01
2.228333e+01
2.238333e+01
2.248333e+01
2.258333e+01
2.268333e+01
2.278333e+01
2.288333e+01
2.298333e+01
2.308333e+01
2.318333e+01
2.328333e+01
2.338333e+01
2.348333e+01
2.358333e+01
2.368333e+01
2.378333e+01
2.388333e+01
2.398333e+01
2.408333e+01
2.418333e+01
2.428333e+01
2.438333e+01
2.448333e+01
2.458333e+01
2.468333e+01
2.478333e+01
2.488333e+01
2.498333e+01
2.508333e+01
2.518333e+01
2.528333e+01
2.538333e+01
2.548333e+01
2.558333e+01
2.568333e+01
2.578333e+01
2.588333e+01
2.598333e+01
2.608333e+01
2.618333e+01
2.628333e+01
2.638333e+01
2.648333e+01
2.658333e+01
2.668333e+01
2.678333e+01
2.688333e+01
2.698333e+01
2.708333e+01
2.718333e+01
2.728333e+01
2.738333e+01
2.748333e+01
2.758333e+01
2.768333e+01
2.778333e+01
2.788333e+01
2.798333e+01
2.808333e+01
2.818333e+01
2.828333e+01
2.838333e+01
2.848333e+01
2.858333e+01
2.868333e+01
2.878333e+01
2.888333e+01
2.898333e+01
2.908333e+01
2.918333e+01
2.928333e+01
2.938333e+01
2.948333e+01
2.958333e+01
2.968333e+01
2.978333e+01
2.988333e+01
2.998333e+01
3.008333e+01
3.018333e+01
3.028333e+01
3.038333e+01
3.048333e+01
3.058333e+01
3.068333e+01
3.078333e+01
3.088333e+01
3.098333e+01
3.108333e+01
3.118333e+01
3.128333e+01
3.138333e+01
3.148333e+01
3.158333e+01
3.168333e+01
3.178333e+01
3.188333e+01
3.198333e+01
3.208333e+01
3.218333e+01
3.228333e+01
3.238333e+01
3.248333e+01
3.258333e+01
3.268333e+01
3.278333e+01
3.288333e+01
3.298333e+01
3.308333e+01
3.318333e+01
3.328333e+01
3.338333e+01
3.348333e+01
3.358333e+01
3.368333e+01
3.378333e+01
3.388333e+01
3.398333e+01
3.408333e+01
3.418333e+01
3.428333e+01
3.438333e+01
3.448333e+01
3.458333e+01
3.468333e+01
3.478333e+01
3.488333e+01
3.498333e+01
3.508333e+01
3.518333e+01
3.528333e+01
3.538333e+01
3.548333e+01
3.558333e+01
3.568333e+01
3.578333e+01
3.588333e+01
3.598333e+01
3.608333e+01
3.618333e+01
3.628333e+01
3.638333e+01
3.648333e+01
3.658333e+01
3.668333e+01
3.678333e+01
3.688333e+01
3.698333e+01
3.708333e+01
3.718333e+01
3.728333e+01
3.738333e+01
3.748333e+01
3.758333e+01
3.768333e+01
3.778333e+01
3.788333e+01
3.798333e+01
3.808333e+01
3.818333e+01
3.828333e+01
3.838333e+01
3.848333e+01
3.858333e+01
3.868333e+01
3.878333e+01
3.888333e+01
3.898333e+01
3.908333e+01
3.918333e+01
3.928333e+01
3.938333e+01
3.948333e+01
3.958333e+01
3.968333e+01
3.978333e+01
3.988333e+01
3.998333e+01
4.008333e+01
4.018333e+01
4.028333e+01
4.038333e+01
4.048333e+01
4.058333e+01
4.068333e+01
4.078333e+01
4.088333e+01
4.098333e+01
4.108333e+01
4.118333e+01
4.128333e+01
4.138333e+01
4.148333e+01
4.158333e+01
4.168333e+01
4.178333e+01
4.188333e+01
4.198333e+01
4.208333e+01
4.218333e+01
4.228333e+01
4.238333e+01
4.248333e+01
4.258333e+01
4.268333e+01
4.278333e+01
4.288333e+01
4.298333e+01
4.308333e+01
4.318333e+01
4.328333e+01
4.338333e+01
4.348333e+01
4.358333e+01
4.368333e+01
4.378333e+01
4.388333e+01
4.398333e+01
4.408333e+01
4.418333e+01
4.428333e+01
4.438333e+01
4.448333e+01
4.458333e+01
4.468333e+01
4.478333e+01
4.488333e+01
4.498333e+01
4.508333e+01
4.518333e+01
4.528333e+01
4.538333e+01
4.548333e+01
4.558333e+01
4.568333e+01
4.578333e+01
4.588333e+01
4.598333e+01
4.608333e+01
4.618333e+01
4.628333e+01
4.638333e+01
4.648333e+01
4.658333e+01
4.668333e+01
4.678333e+01
4.688333e+01
4.698333e+01
4.708333e+01
4.718333e+01
4.728333e+01
4.738333e+01
4.748333e+01
4.758333e+01
4.768333e+01
4.778333e+01
4.788333e+01
4.798333e+01
4.808333e+01
4.818333e+01
4.828333e+01
4.838333e+01
4.848333e+01
4.858333e+01
4.868333e+01
4.878333e+01
4.888333e+01
4.898333e+01
4.908333e+01
4.918333e+01
4.928333e+01
4.938333e+01
4.948333e+01
4.958333e+01
4.968333e+01
4.978333e+01
4.988333e+01
4.998333e+01
5.008333e+01
5.018333e+01
5.028333e+01
5.038333e+01
5.048333e+01
5.058333e+01
5.068333e+01
5.078333e+01
5.088333e+01
5.098333e+01
5.108333e+01
5.118333e+01
5.128333e+01
5.138333e+01
5.148333e+01
5.158333e+01
5.168333e+01
5.178333e+01
5.188333e+01
5.198333e+01
5.208333e+01
5.218333e+01
5.228333e+01
5.238333e+01
5.248333e+01
5.258333e+01
5.268333e+01
5.278333e+01
5.288333e+01
5.298333e+01
5.308333e+01
5.318333e+01
5.328333e+01
5.338333e+01
5.348333e+01
5.358333e+01
5.368333e+01
5.378333e+01
5.388333e+01
5.398333e+01
5.408333e+01
5.418333e+01
5.428333e+01
5.438333e+01
5.448333e+01
5.458333e+01
5.468333e+01
5.478333e+01
5.488333e+01
5.498333e+01
5.508333e+01
5.518333e+01
5.528333e+01
5.538333e+01
5.548333e+01
5.558333e+01
5.568333e+01
5.578333e+01
5.588333e+01
5.598333e+01
5.608333e+01
5.618333e+01
5.628333e+01
5.638333e+01
5.648333e+01
5.658333e+01
5.668333e+01
5.678333e+01
5.688333e+01
5.698333e+01
5.708333e+01
5.718333e+01
5.728333e+01
5.738333e+01
5.748333e+01
5.758333e+01
5.768333e+01
5.778333e+01
5.788333e+01
5.798333e+01
5.808333e+01
5.818333e+01
5.828333e+01
5.838333e+01
5.848333e+01
5.858333e+01
5.868333e+01
5.878333e+01
5.888333e+01
5.898333e+01
5.908333e+01
5.918333e+01
5.928333e+01
5.938333e+01
5.948333e+01
5.958333e+01
5.968333e+01
5.978333e+01
5.988333e+01
5.998333e+01
